0	60	
0	110.000000000000	0.000000000000	0.000000000000	1	
	0	
1	95.000000000000	0.000000000000	0.000000000000	2	
	0	
2	80.000000000000	0.000000000000	0.000000000000	1	
	0	
3	65.000000000000	0.000000000000	0.000000000000	2	
	0	
4	100.489999819168	44.741031909687	0.000000000000	2	
	0	
5	86.786818025645	38.639982103820	0.000000000000	1	
	0	
6	73.083636232122	32.538932297954	0.000000000000	2	
	0	
7	59.380454438599	26.437882492088	0.000000000000	1	
	0	
8	73.604364793753	81.745932518433	0.000000000000	1	
	0	
9	63.567405958241	70.598759902283	0.000000000000	2	
	0	
10	53.530447122729	59.451587286133	0.000000000000	1	
	0	
11	43.493488287217	48.304414669983	0.000000000000	2	
	0	
12	33.991865722908	104.616217981132	0.000000000000	2	
	0	
13	29.356611306148	90.350370074614	0.000000000000	1	
	0	
14	24.721356889388	76.084522168096	0.000000000000	2	
	0	
15	20.086102472627	61.818674261578	0.000000000000	1	
	0	
16	-11.498136060149	109.397407954404	0.000000000000	1	
	0	
17	-9.930208415583	94.479579596985	0.000000000000	2	
	0	
18	-8.362280771017	79.561751239567	0.000000000000	1	
	0	
19	-6.794353126452	64.643922882148	0.000000000000	2	
	0	
20	-55.000005552092	95.262791210786	0.000000000000	2	
	0	
21	-47.500004794989	82.272410591133	0.000000000000	1	
	0	
22	-40.000004037885	69.282029971481	0.000000000000	2	
	0	
23	-32.500003280782	56.291649351828	0.000000000000	1	
	0	
24	-88.991873903196	64.656371528239	0.000000000000	1	
	0	
25	-76.856618370942	55.839593592570	0.000000000000	2	
	0	
26	-64.721362838688	47.022815656901	0.000000000000	1	
	0	
27	-52.586107306434	38.206037721232	0.000000000000	2	
	0	
28	-107.596237946810	22.870277210682	0.000000000000	2	
	0	
29	-92.924023681336	19.751603045589	0.000000000000	1	
	0	
30	-78.251809415862	16.632928880496	0.000000000000	2	
	0	
31	-63.579595150388	13.514254715403	0.000000000000	1	
	0	
32	-107.596233948042	-22.870296023406	0.000000000000	1	
	0	
33	-92.924020227854	-19.751619292942	0.000000000000	2	
	0	
34	-78.251806507667	-16.632942562477	0.000000000000	1	
	0	
35	-63.579592787479	-13.514265832013	0.000000000000	2	
	0	
36	-88.991862598315	-64.656387088072	0.000000000000	2	
	0	
37	-76.856608607636	-55.839607030607	0.000000000000	1	
	0	
38	-64.721354616957	-47.022826973143	0.000000000000	2	
	0	
39	-52.586100626277	-38.206046915679	0.000000000000	1	
	0	
40	-54.999988895815	-95.262800827291	0.000000000000	1	
	0	
41	-47.499990410022	-82.272418896297	0.000000000000	2	
	0	
42	-39.999991924229	-69.282036965303	0.000000000000	1	
	0	
43	-32.499993438436	-56.291655034309	0.000000000000	2	
	0	
44	-11.498116932498	-109.397409964800	0.000000000000	2	
	0	
45	-9.930191896248	-94.479581333237	0.000000000000	1	
	0	
46	-8.362266859998	-79.561752701673	0.000000000000	2	
	0	
47	-6.794341823749	-64.643924070109	0.000000000000	1	
	0	
48	33.991884014589	-104.616212037804	0.000000000000	1	
	0	
49	29.356627103508	-90.350364941740	0.000000000000	2	
	0	
50	24.721370192428	-76.084517845676	0.000000000000	1	
	0	
51	20.086113281348	-61.818670749611	0.000000000000	2	
	0	
52	73.604379086665	-81.745919649035	0.000000000000	2	
	0	
53	63.567418302120	-70.598748787803	0.000000000000	1	
	0	
54	53.530457517574	-59.451577926571	0.000000000000	2	
	0	
55	43.493496733029	-48.304407065339	0.000000000000	1	
	0	
56	100.490007641937	-44.741014339456	0.000000000000	1	
	0	
57	86.786824781673	-38.639966929530	0.000000000000	2	
	0	
58	73.083641921409	-32.538919519604	0.000000000000	1	
	0	
59	59.380459061145	-26.437872109678	0.000000000000	2	
	0
